robot: 3

workspace:
  l_t: [ 0.35856295, -0.86868527,  0.25903857]
  l_m: [ 0.35462644, -0.70047266,  0.25742639]
  l_b: [ 0.34757377, -0.52465938,  0.26460316]
  r_t: [ 0.17686696, -0.8713824 ,  0.26241284]
  r_m: [ 0.17222188, -0.70309517,  0.26139711]
  r_b: [ 0.16986497, -0.52871274,  0.27167772]      

# Set up linear offsets with z variation
offsets:
  l_t: [ 0.01421705, -0.01064473,  0.28166143]
  l_m: [ 0.01963356, -0.01310734,  0.27985361]
  l_b: [ 0.02571623, -0.01635062,  0.27298684]
  r_t: [ 0.01771304, -0.0011276,   0.27626716]
  r_m: [ 0.02444812, -0.00431483,  0.27609289]
  r_b: [ 0.02933503, -0.00829726,  0.26375228]

measure:
  l_t: [ 0.37278, -0.87933,  0.2947]
  l_m: [ 0.37426, -0.71358,  0.29128]
  l_b: [ 0.37329, -0.54101,  0.29159]
  r_t: [ 0.19458, -0.87251,  0.29268]
  r_m: [ 0.19667, -0.70741,  0.29149]
  r_b: [ 0.19920, -0.53701,  0.28943]  