robot_pose:
  "1":
    home_pose: [-1.570796327, 0.0, 1.570796327, 0.0, 1.570796327, 0.645771823]
    assemble_capture_pose: []
    guide_capture_pose: []
  "2":
    home_pose: [-1.570796327, 0.0, 1.570796327, 0.0, 1.570796327, 0.645771823]
    assemble_capture_pose: [
      [
        [    0.71207,    0.025813,    -0.70163,      0.3768],
        [   -0.70204,    0.040385,    -0.71099,    -0.65671],
        [  0.0099826,     0.99885,    0.046879,     0.63455],
        [          0,           0,           0,           1],
      ],
      [
        [   -0.68427,    -0.27345,     0.67602,    0.077434],
        [    0.69798,    0.022857,     0.71575,    -0.72407],
        [   -0.21117,     0.96162,     0.17522,     0.63455],
        [          0,           0,           0,           1],
      ],

      [
        [   -0.69824,     0.24362,     0.67313,     0.37948],
        [    0.69798,    0.022857,     0.71575,    -0.72407],
        [    0.15898,      0.9696,      -0.186,     0.63455],
        [          0,           0,           0,           1],
      ],
    ]
    guide_capture_pose: [
    [
      [     0.7092,   2.607e-06,    -0.70501,    -0.24217],
      [   -0.70501, -8.0365e-06,     -0.7092,    -0.68859],
      [-7.5147e-06,           1, -3.8616e-06,     0.64047],
      [          0,           0,           0,           1],
    ],

    [
      [    0.66133,    -0.30706,    -0.68437,    -0.42347],
      [   -0.71772,   0.0061424,    -0.69631,     -0.6801],
      [    0.21801,     0.95167,    -0.21632,     0.60419],
      [          0,           0,           0,           1],
    ],

    [
      [    0.67481,     0.38061,    -0.63227,   0.0061403],
      [   -0.72636,     0.19103,    -0.66023,    -0.53933],
      [   -0.13051,     0.90479,     0.40537,     0.63355],
      [          0,           0,           0,           1],
    ],
  ]

  "3":
    home_pose: [-1.570796327, 0.0, 1.570796327, 0.0, 1.570796327, 0.645771823]
    assemble_capture_pose: [
      [ 0.68570109,  0.10661655, -0.72003259,  0.40281132],
      [-0.71984154, -0.04730943, -0.69252435, -0.63810915],
      [-0.10789888,  0.99317407,  0.04430689,  0.69705731],
      [ 0.        ,  0.        ,  0.        ,  1.        ]
      ]
      
    guide_capture_pose: [
      [    0.72252,     0.16252,    -0.67198,    -0.12042],
      [   -0.68786,    0.071432,    -0.72232,    -0.63982],
      [  -0.069393,     0.98412,      0.1634,     0.71988],
      [        0.0,         0.0,         0.0,         1.0]
      ]
      
