robot_pose:
  "1":
    home_pose: [-1.570796327, 0.0, 1.570796327, 0.0, 1.570796327, 0.645771823]
    assemble_capture_pose: []
    guide_capture_pose: []
  "2":
    home_pose: [-1.570796327, 0.0, 1.570796327, 0.0, 1.570796327, 0.788365059]
    assemble_capture_pose: [
      [-0.71549945,  0.18973091,  0.67235609,  0.38075686],
      [ 0.68242647, -0.01615808,  0.73077564, -0.72898781],
      [ 0.14951471,  0.98170316, -0.1179163 ,  0.73146206],
      [ 0.        ,  0.        ,  0.        ,  1.        ],
      ]

    guide_capture_pose: [
      [ 0.64524224,  0.27829067, -0.71148911, -0.03479499],
      [-0.72668741, -0.06383963, -0.68399555, -0.70749009],
      [-0.23577078,  0.958373  ,  0.1610383 ,  0.75811183],
      [ 0.        ,  0.        ,  0.        ,  1.        ],
      ]

  "3":
    home_pose: [-1.570796327, 0.0, 1.570796327, 0.0, 1.570796327, 0.747000764]
    assemble_capture_pose: [
      [ 0.68570109,  0.10661655, -0.72003259,  0.40281132],
      [-0.71984154, -0.04730943, -0.69252435, -0.63810915],
      [-0.10789888,  0.99317407,  0.04430689,  0.69705731],
      [ 0.        ,  0.        ,  0.        ,  1.        ]
      ]
      
    guide_capture_pose: [
      [    0.72252,     0.16252,    -0.67198,    -0.12042],
      [   -0.68786,    0.071432,    -0.72232,    -0.63982],
      [  -0.069393,     0.98412,      0.1634,     0.71988],
      [        0.0,         0.0,         0.0,         1.0]
      ]
      
