robot_pose:
  home_pose: [-1.570796327, 0.0, 1.570796327, 0.0, 1.570796327, 0.645771823]
  assemble_capture_pose: [
    [
      [    0.71207,    0.025813,    -0.70163,      0.3768],
      [   -0.70204,    0.040385,    -0.71099,    -0.65671],
      [  0.0099826,     0.99885,    0.046879,     0.63455],
      [          0,           0,           0,           1],
    ],
    [
      [   -0.68427,    -0.27345,     0.67602,    0.077434],
      [    0.69798,    0.022857,     0.71575,    -0.72407],
      [   -0.21117,     0.96162,     0.17522,     0.63455],
      [          0,           0,           0,           1],
    ],

    [
      [   -0.69824,     0.24362,     0.67313,     0.37948],
      [    0.69798,    0.022857,     0.71575,    -0.72407],
      [    0.15898,      0.9696,      -0.186,     0.63455],
      [          0,           0,           0,           1],
    ],
  ]
  guide_capture_pose: [
    [
      [     0.7092,   2.607e-06,    -0.70501,    -0.24217],
      [   -0.70501, -8.0365e-06,     -0.7092,    -0.68859],
      [-7.5147e-06,           1, -3.8616e-06,     0.64047],
      [          0,           0,           0,           1],
    ],

    [
      [    0.66133,    -0.30706,    -0.68437,    -0.42347],
      [   -0.71772,   0.0061424,    -0.69631,     -0.6801],
      [    0.21801,     0.95167,    -0.21632,     0.60419],
      [          0,           0,           0,           1],
    ],

    [
      [    0.67481,     0.38061,    -0.63227,   0.0061403],
      [   -0.72636,     0.19103,    -0.66023,    -0.53933],
      [   -0.13051,     0.90479,     0.40537,     0.63355],
      [          0,           0,           0,           1],
    ],
  ]
